#phi1 phi2 e_phi2 phi2width e_phi2width surf_bright e_surf_bright lindens e_lindens
 -39.0  1.0734 0.1978   0.2326  0.1443  5.2430 1.4095  1.5287 0.7865
 -37.0  1.1582 0.0731   0.2570  0.1028  6.3351 1.1899  2.0409 0.6927
 -35.0  1.2229 0.0749   0.2648  0.1047  7.2244 1.2282  2.3976 0.7848
 -33.0  1.3035 0.0547   0.2168  0.0652  8.0257 1.4449  2.1809 0.6074
 -31.0  1.3392 0.0514   0.1965  0.0558  7.6576 1.4600  1.8859 0.5224
 -29.0  1.3732 0.0589   0.1845  0.0620  6.0856 1.3671  1.4075 0.4601
 -27.0  1.4145 0.0783   0.1711  0.0830  4.2370 1.3077  0.9085 0.4193
 -25.0  1.4986 0.0841   0.1119  0.0848  3.2249 1.6155  0.4522 0.3317
 -23.0  1.5397 0.0919   0.0722  0.0874  2.4389 2.0230  0.2207 0.2631
 -21.0  1.5360 0.1212   0.0744  0.1206  1.7972 1.8714  0.1675 0.2595
 -19.0  1.5328 0.1154   0.1598  0.2138  1.8288 1.6388  0.3663 0.4773
 -17.0  1.6478 0.1799   0.2803  0.3463  3.4636 2.3762  1.2169 1.3516
