#1) phi1 (deg)
#2) phi2 - 1 sigma (deg)
#3) phi2 (median) (deg)
#4) phi2 + 1 sigma (deg)
-8.08 -2.09140638502 -2.0445498658 -1.99760023428 ## by land
-7.08 -1.69140638502 -1.6445498658 -1.59760023428
-7.06 -1.68304096181 -1.63665339872 -1.59023275126
-7.04 -1.6746857467 -1.62875626089 -1.58289145535
-7.02 -1.66638491327 -1.62090188085 -1.57557576761
-7.0 -1.65808682964 -1.6130959289 -1.56822777608
-6.98 -1.64979949647 -1.6053350472 -1.56092782744
-6.96 -1.64150624893 -1.5975647553 -1.55362537958
-6.94 -1.63332827687 -1.58979123419 -1.54630532223
-6.92 -1.62519136647 -1.5820686667 -1.53906913771
-6.9 -1.61702361593 -1.57438252046 -1.53182388307
-6.88 -1.60886729979 -1.56668644346 -1.52464034406
-6.86 -1.60072094506 -1.55905321657 -1.51739705244
-6.84 -1.59260337242 -1.55143159582 -1.51022658083
-6.82 -1.584500867 -1.54381010951 -1.50307842258
-6.8 -1.57643682461 -1.53620915297 -1.49595330279
-6.78 -1.56839442537 -1.52859946775 -1.48882710878
-6.76 -1.56035854011 -1.52100383 -1.48174434046
-6.74 -1.55236198521 -1.51346924722 -1.47460653823
-6.72 -1.54438028941 -1.50596213339 -1.46757846676
-6.7 -1.53643756383 -1.49847677657 -1.46052758253
-6.68 -1.52847867179 -1.49102658795 -1.45349091313
-6.66 -1.52060953396 -1.48354755481 -1.44650919807
-6.64 -1.51268894773 -1.47613546264 -1.43951566571
-6.62 -1.50483023241 -1.46873316072 -1.43252379071
-6.6 -1.49696766375 -1.46134177335 -1.4255194034
-6.58 -1.48916550061 -1.45401352194 -1.41859131794
-6.56 -1.4814066443 -1.4466775677 -1.41169783463
-6.54 -1.47363413934 -1.43933778084 -1.4048446361
-6.52 -1.46587843389 -1.43204564778 -1.39789451806
-6.5 -1.45816995415 -1.42476997137 -1.3910429014
-6.48 -1.45047481784 -1.41748527353 -1.3841819484
-6.46 -1.44282404168 -1.41025156051 -1.37733694047
-6.44 -1.43523416015 -1.40302263207 -1.37052508132
-6.42 -1.42763049949 -1.39584399119 -1.36371562199
-6.4 -1.42007893626 -1.38869064332 -1.35694763364
-6.38 -1.41251904169 -1.38155513322 -1.35022616893
-6.36 -1.40502164102 -1.37440882271 -1.34347163731
-6.34 -1.39749546171 -1.36727096617 -1.33671800863
-6.32 -1.38999364408 -1.36017234758 -1.33007825762
-6.3 -1.38255934659 -1.35309129334 -1.32341169156
-6.28 -1.37511206361 -1.34604654136 -1.31679103864
-6.26 -1.36769449451 -1.33898831769 -1.31016826369
-6.24 -1.36030273658 -1.33199659963 -1.30357818941
-6.22 -1.35300953389 -1.32500683134 -1.29699358972
-6.2 -1.34573809595 -1.31805941491 -1.29040939763
-6.18 -1.33847947645 -1.31112837243 -1.2838164208
-6.16 -1.33122716969 -1.30421948599 -1.27727242329
-6.14 -1.32404869897 -1.2973310597 -1.27074329696
-6.12 -1.31684267844 -1.29048714096 -1.26424275199
-6.1 -1.30967646182 -1.28363246284 -1.25772830433
-6.08 -1.30254721409 -1.27681132142 -1.25126896561
-6.06 -1.29542090901 -1.27004363686 -1.24479294529
-6.04 -1.28832339667 -1.26324909461 -1.23830068476
-6.02 -1.28127701433 -1.25650202657 -1.23185555538
-6.0 -1.27426446028 -1.24980071716 -1.22540993405
-5.98 -1.26729104121 -1.24312004424 -1.21903988612
-5.96 -1.26032346004 -1.23641188482 -1.21263751678
-5.94 -1.2534249605 -1.22975506145 -1.20631839318
-5.92 -1.24653154881 -1.22312082189 -1.19998959855
-5.9 -1.23966520858 -1.21652765395 -1.19363087564
-5.88 -1.23284736881 -1.2099418528 -1.18735760704
-5.86 -1.22604890778 -1.2034232298 -1.18107499759
-5.84 -1.21924963793 -1.19688196601 -1.1747654774
-5.82 -1.21250413524 -1.19039535826 -1.16850589745
-5.8 -1.20579934641 -1.1839119453 -1.16226344967
-5.78 -1.19912009373 -1.17744342771 -1.15604712146
-5.76 -1.19246562883 -1.1710419834 -1.14989889348
-5.74 -1.18587458491 -1.1646340206 -1.14371663418
-5.72 -1.17932076495 -1.15825662623 -1.13757155208
-5.7 -1.17281628108 -1.15190246761 -1.13137924288
-5.68 -1.16630643882 -1.14557207399 -1.1252509826
-5.66 -1.15980371774 -1.13926321611 -1.11916117461
-5.64 -1.15338590726 -1.13297399166 -1.11306064259
-5.62 -1.14691397882 -1.12672837535 -1.10703541948
-5.6 -1.14049272512 -1.12049042907 -1.10094927966
-5.58 -1.13415975007 -1.1143184828 -1.09493065405
-5.56 -1.12783521198 -1.10815555085 -1.08885208408
-5.54 -1.12157947759 -1.1019923297 -1.082831489
-5.52 -1.115312502 -1.09585552844 -1.07682600523
-5.5 -1.10912868438 -1.08976722552 -1.07083829994
-5.48 -1.10295570404 -1.08370801406 -1.06487762789
-5.46 -1.09680932523 -1.07765686296 -1.05890816648
-5.44 -1.09071324659 -1.07163041095 -1.05296377675
-5.42 -1.08462507889 -1.06561725501 -1.04701154126
-5.4 -1.07855183908 -1.05961718251 -1.04109259934
-5.38 -1.07250966418 -1.05369610739 -1.03526737865
-5.36 -1.06654931338 -1.04779807892 -1.02942121584
-5.34 -1.06063446051 -1.04192492096 -1.02361929172
-5.32 -1.0546807087 -1.03605166031 -1.01778516904
-5.3 -1.04879816796 -1.03022052074 -1.01195714972
-5.28 -1.04291967404 -1.02440803737 -1.00616596092
-5.26 -1.03708465236 -1.01860236146 -1.00040158235
-5.24 -1.03134770424 -1.01284796322 -0.994689149747
-5.22 -1.02562333779 -1.00708421388 -0.98901629084
-5.2 -1.01990201376 -1.00139493707 -0.983320843261
-5.18 -1.01419014083 -0.995720560787 -0.977686272976
-5.16 -1.00851358108 -0.990113485925 -0.972012346951
-5.14 -1.00291219467 -0.984508607652 -0.966402982432
-5.12 -0.997340669698 -0.978890151092 -0.960803191978
-5.1 -0.991784599784 -0.973323667459 -0.955224664302
-5.08 -0.986245141355 -0.96778210321 -0.94966901653
-5.06 -0.980737061863 -0.962283192476 -0.944122037824
-5.04 -0.975273005671 -0.956789496494 -0.938622041501
-5.02 -0.969899555004 -0.951297681438 -0.933154016847
-5.0 -0.964487800671 -0.945858900475 -0.92765534712
-4.98 -0.959114574229 -0.940424884586 -0.922202118656
-4.96 -0.953788657564 -0.935049739987 -0.916792565513
-4.94 -0.948457925647 -0.929704221618 -0.911402129053
-4.92 -0.943180464028 -0.924370198068 -0.906035325177
-4.9 -0.93793645763 -0.919084601303 -0.900702756851
-4.88 -0.932709740238 -0.913840689623 -0.895383812697
-4.86 -0.927513438847 -0.908624715705 -0.890098362742
-4.84 -0.922357317209 -0.90342502021 -0.884876780693
-4.82 -0.917182869153 -0.898257725067 -0.879646932662
-4.8 -0.912089808726 -0.893100814847 -0.87441846828
-4.78 -0.907012936984 -0.887981091835 -0.869236425817
-4.76 -0.901991988527 -0.882883459197 -0.864077063802
-4.74 -0.896985728993 -0.877848396704 -0.858926633665
-4.72 -0.891982396397 -0.872818835222 -0.853819483706
-4.7 -0.887058039784 -0.867811401788 -0.848774266515
-4.68 -0.882163842306 -0.862823868451 -0.84376178544
-4.66 -0.877254759957 -0.857873420329 -0.83874101851
-4.64 -0.872396438625 -0.852941088867 -0.83375703403
-4.62 -0.867545781206 -0.848048563294 -0.828792689024
-4.6 -0.862744405287 -0.843174509343 -0.823888560842
-4.58 -0.85796320441 -0.83835126069 -0.818957321461
-4.56 -0.853194937014 -0.833559250823 -0.814105072771
-4.54 -0.848487480266 -0.828762037782 -0.809291599794
-4.52 -0.843794991682 -0.824019976985 -0.804475973394
-4.5 -0.839126548599 -0.81930833384 -0.799707023734
-4.48 -0.834473769818 -0.814630033032 -0.794966580018
-4.46 -0.829872289184 -0.809960457536 -0.790279109149
-4.44 -0.825282876915 -0.805315084212 -0.78558250559
-4.42 -0.820730618173 -0.800731850534 -0.780960808413
-4.4 -0.816224101665 -0.796142661762 -0.776358082357
-4.38 -0.811750709539 -0.791598700771 -0.771777907261
-4.36 -0.807285956809 -0.787092568818 -0.767235431052
-4.34 -0.802855701037 -0.782611848231 -0.762745528712
-4.32 -0.798461608569 -0.778173360788 -0.758283650905
-4.3 -0.794094220032 -0.773764099793 -0.75385827891
-4.28 -0.789789595706 -0.769363137186 -0.749441460619
-4.26 -0.785482509304 -0.7650095786 -0.745059065827
-4.24 -0.781203616215 -0.760716457977 -0.740710022914
-4.22 -0.77694064156 -0.756442864256 -0.736392872588
-4.2 -0.772685594422 -0.752203609038 -0.732106627558
-4.18 -0.76849456398 -0.747963393829 -0.72786231155
-4.16 -0.764311035535 -0.743748719978 -0.723648538621
-4.14 -0.760201496635 -0.739567829958 -0.719481783688
-4.12 -0.7560751644 -0.735440548879 -0.715323672789
-4.1 -0.751934010719 -0.731317950692 -0.711236305832
-4.08 -0.747855060611 -0.727224034749 -0.707160499269
-4.06 -0.743811314408 -0.72317243924 -0.703123424951
-4.04 -0.739823074143 -0.71914954396 -0.699124268003
-4.02 -0.735827985094 -0.715174377851 -0.695159857403
-4.0 -0.731854377396 -0.711221667877 -0.691218810711
-3.98 -0.727899763211 -0.707274698826 -0.687325918379
-3.96 -0.723990288771 -0.703394332687 -0.683442220695
-3.94 -0.720102181619 -0.699551512231 -0.679632939394
-3.92 -0.71627078047 -0.695727519797 -0.675821674233
-3.9 -0.712447624441 -0.691922167658 -0.672050947699
-3.88 -0.708657026984 -0.688158116678 -0.668324916824
-3.86 -0.704891299155 -0.68441916015 -0.66464906833
-3.84 -0.701145133499 -0.680725958043 -0.660990849428
-3.82 -0.697420676364 -0.677059926107 -0.657340663355
-3.8 -0.693725647093 -0.673417816475 -0.65374466357
-3.78 -0.690069248123 -0.669827682636 -0.65019182612
-3.76 -0.686446477053 -0.666258492639 -0.646676261811
-3.74 -0.682846483718 -0.662743075409 -0.643219311994
-3.72 -0.679270930757 -0.659268989136 -0.639787460564
-3.7 -0.67572812064 -0.655799732344 -0.636396951621
-3.68 -0.6722190026 -0.652380215928 -0.633050770127
-3.66 -0.668757821016 -0.648998149186 -0.629745743339
-3.64 -0.665268151887 -0.645610907398 -0.626411458284
-3.62 -0.661857154104 -0.642260062841 -0.623157344444
-3.6 -0.658434652357 -0.638970638411 -0.619926089851
-3.58 -0.655083978459 -0.635703885265 -0.616737607754
-3.56 -0.651757087129 -0.632460015133 -0.613592794055
-3.54 -0.648457121388 -0.629248868004 -0.610461894464
-3.52 -0.645136604218 -0.626068638431 -0.607356647143
-3.5 -0.641868521612 -0.622900267754 -0.604285976227
-3.48 -0.6386335231 -0.619750022328 -0.601286983211
-3.46 -0.635451062912 -0.616634584097 -0.598286324742
-3.44 -0.632284503179 -0.613568754179 -0.595340165931
-3.42 -0.629131362799 -0.610537150059 -0.592397231717
-3.4 -0.626003603658 -0.607539358925 -0.589477087161
-3.38 -0.62286598533 -0.604568763708 -0.586587526727
-3.36 -0.61979870128 -0.601606012829 -0.58370620119
-3.34 -0.616735039589 -0.598670322554 -0.580879334727
-3.32 -0.613710651544 -0.595769377235 -0.578088949315
-3.3 -0.610712982052 -0.59291262787 -0.575328392535
-3.28 -0.607710783266 -0.590067839289 -0.572594701034
-3.26 -0.604768361158 -0.587245383099 -0.569873249214
-3.24 -0.601868351323 -0.584446891324 -0.567193980192
-3.22 -0.59898093709 -0.581657271924 -0.56452115123
-3.2 -0.596116590083 -0.578895869317 -0.561894185815
-3.18 -0.59328707421 -0.576172210448 -0.559281284527
-3.16 -0.590449259262 -0.573463025949 -0.556738298609
-3.14 -0.587617024781 -0.570789658057 -0.554190373812
-3.12 -0.58489654819 -0.568143887873 -0.551650177706
-3.1 -0.582158033594 -0.56551671644 -0.549139474822
-3.08 -0.579413062859 -0.562897800392 -0.546650190213
-3.06 -0.57672527675 -0.560336526595 -0.544178294689
-3.04 -0.574062686328 -0.557805174987 -0.541732772087
-3.02 -0.571417132679 -0.555257564849 -0.539297435139
-3.0 -0.568797984029 -0.552745044064 -0.536901231767
-2.98 -0.566206419881 -0.55027810456 -0.534511923289
-2.96 -0.563643303272 -0.547807337672 -0.532166954065
-2.94 -0.561101975195 -0.545333946329 -0.529822573257
-2.92 -0.55855915772 -0.542901891958 -0.527468695113
-2.9 -0.556062107804 -0.54051378457 -0.52515471251
-2.88 -0.553601796701 -0.538136353571 -0.522822311696
-2.86 -0.551158212121 -0.535782987594 -0.520539093256
-2.84 -0.54872936762 -0.533456800565 -0.518276607186
-2.82 -0.546358510223 -0.531112283841 -0.516025744111
-2.8 -0.543960679385 -0.528818612697 -0.51380323013
-2.78 -0.54159054938 -0.526547256982 -0.511599147171
-2.76 -0.539247065259 -0.524289587352 -0.509378226693
-2.74 -0.536924131521 -0.522024335154 -0.507195732297
-2.72 -0.534630092546 -0.519792719214 -0.505052560239
-2.7 -0.532367517931 -0.517604567039 -0.502932889754
-2.68 -0.530104561026 -0.515419847444 -0.500797580796
-2.66 -0.527872083707 -0.513272823861 -0.498694174093
-2.64 -0.525669709504 -0.511124598994 -0.496610587966
-2.62 -0.523449575092 -0.508999781953 -0.494541146256
-2.6 -0.52128837674 -0.506877671377 -0.49249673912
-2.58 -0.519134843356 -0.504778885169 -0.490421456769
-2.56 -0.517001687664 -0.502666820956 -0.488393161965
-2.54 -0.514888183806 -0.500584348624 -0.486392303986
-2.52 -0.512774238446 -0.498524940907 -0.484363473507
-2.5 -0.510702842226 -0.496488442727 -0.48238946533
-2.48 -0.50867973988 -0.494480552988 -0.480398958978
-2.46 -0.506651752707 -0.492481909951 -0.478445916179
-2.44 -0.504617508379 -0.490488664561 -0.47650432426
-2.42 -0.502621698823 -0.488507152786 -0.474549188035
-2.4 -0.500636295796 -0.486525235997 -0.472618926325
-2.38 -0.498645454508 -0.48456533059 -0.470679537181
-2.36 -0.496700287394 -0.482646169214 -0.468777875748
-2.34 -0.494755675945 -0.480741926272 -0.46686650444
-2.32 -0.49283650423 -0.478836732205 -0.46500890251
-2.3 -0.490926604928 -0.47694306195 -0.463143187607
-2.28 -0.489036893319 -0.475057200372 -0.461282571916
-2.26 -0.487154285252 -0.473194740705 -0.459395513792
-2.24 -0.485281955239 -0.471350100866 -0.457547650581
-2.22 -0.483420003275 -0.469506506107 -0.455725594576
-2.2 -0.481560681129 -0.46769628974 -0.453894882082
-2.18 -0.479718351874 -0.465890099755 -0.45205880487
-2.16 -0.477889362702 -0.464083947779 -0.450245153145
-2.14 -0.476086002854 -0.46230263095 -0.448481926708
-2.12 -0.474318747807 -0.460513107474 -0.446702318258
-2.1 -0.472536423236 -0.458741193688 -0.44491820108
-2.08 -0.470761754974 -0.45695167765 -0.443181512396
-2.06 -0.46899880768 -0.455180010303 -0.441450757092
-2.04 -0.467252927125 -0.4534523828 -0.439721284043
-2.02 -0.465516223773 -0.451723893646 -0.438028481421
-2.0 -0.463773308643 -0.449996067873 -0.436316779052
-1.98 -0.462053347546 -0.448277587214 -0.43461665992
-1.96 -0.460308648542 -0.446556963128 -0.432911798655
-1.94 -0.458581484838 -0.444836766357 -0.431213694968
-1.92 -0.456891022345 -0.443149965641 -0.429532940695
-1.9 -0.455175060124 -0.441467718186 -0.427868579724
-1.88 -0.453486567243 -0.439774082222 -0.426222763278
-1.86 -0.451772748105 -0.438089310871 -0.424574896062
-1.84 -0.450078817577 -0.436425411147 -0.422972254515
-1.82 -0.448385624739 -0.434754179057 -0.421338809457
-1.8 -0.446688039549 -0.433106810692 -0.419710443022
-1.78 -0.444995042422 -0.431458575639 -0.418105770753
-1.76 -0.443307018307 -0.429834228265 -0.41648872354
-1.74 -0.441621466586 -0.428212020974 -0.414905782187
-1.72 -0.439938368607 -0.426599052168 -0.413324342964
-1.7 -0.438291060444 -0.424980773069 -0.411780226724
-1.68 -0.436623087933 -0.423353392944 -0.410207379608
-1.66 -0.434969523215 -0.421741225989 -0.408659398299
-1.64 -0.433292346761 -0.420140399977 -0.407082699102
-1.62 -0.431634420396 -0.41855804533 -0.405549482477
-1.6 -0.429978658018 -0.416977685429 -0.403996459406
-1.58 -0.428323538928 -0.415387006093 -0.402472621524
-1.56 -0.426668566973 -0.413780192018 -0.400935845833
-1.54 -0.424973845971 -0.412168073788 -0.399410438199
-1.52 -0.423307502363 -0.41057373722 -0.397891098386
-1.5 -0.421640958924 -0.408976174553 -0.396398305723
-1.48 -0.419961297134 -0.40736736954 -0.394851193537
-1.46 -0.41829860434 -0.405783139428 -0.393373597412
-1.44 -0.416621899048 -0.40420238425 -0.39185820597
-1.42 -0.414936350566 -0.402620656144 -0.390355493287
-1.4 -0.413239272355 -0.401012117903 -0.388865095631
-1.38 -0.411555286539 -0.399442180729 -0.38737462704
-1.36 -0.409875394377 -0.397872546282 -0.38588963645
-1.34 -0.408190075616 -0.396292208756 -0.384441343941
-1.32 -0.406501567214 -0.394707254739 -0.382952755111
-1.3 -0.404823674755 -0.393147470661 -0.381476604121
-1.28 -0.403165297891 -0.391568851409 -0.379998869585
-1.26 -0.401481975154 -0.389997092854 -0.378517069002
-1.24 -0.399782152688 -0.388416905775 -0.377033596453
-1.22 -0.398086556527 -0.386834286931 -0.375548134035
-1.2 -0.396390069669 -0.385228471919 -0.374056646694
-1.18 -0.394696049808 -0.38363080221 -0.372569962825
-1.16 -0.393021001756 -0.382040121947 -0.371048368081
-1.14 -0.391360344709 -0.380430755475 -0.369547303801
-1.12 -0.389696851019 -0.37885538728 -0.367975989061
-1.1 -0.388028149418 -0.377238054676 -0.366435167966
-1.08 -0.386383097553 -0.375636680586 -0.364895408958
-1.06 -0.384726012116 -0.374023793204 -0.36333609036
-1.04 -0.383099919793 -0.372419705668 -0.361746122109
-1.02 -0.381496952759 -0.370798485822 -0.360161176966
-1.0 -0.379902404407 -0.36918215157 -0.358537446435
-0.98 -0.378277068396 -0.367577083701 -0.35691003828
-0.96 -0.376677854961 -0.365948799128 -0.355207719077
-0.94 -0.375136476851 -0.364322892485 -0.353509623686
-0.92 -0.373553739889 -0.362686099221 -0.351775519507
-0.9 -0.372011765082 -0.361008962044 -0.350026747577
-0.88 -0.370513438573 -0.35938319948 -0.348276450423
-0.86 -0.369039787317 -0.35774399469 -0.346460067652
-0.84 -0.367546859796 -0.356063714085 -0.344634149956
-0.82 -0.366092147654 -0.354396944931 -0.342689913281
-0.8 -0.364654598147 -0.352711670981 -0.340757312881
-0.78 -0.363223603063 -0.351045210357 -0.338806756493
-0.76 -0.361831535658 -0.34936513789 -0.33679445912
-0.74 -0.360427775581 -0.347629052142 -0.334724026162
-0.72 -0.359041903127 -0.345928765519 -0.332675613792
-0.7 -0.357691874564 -0.344220323505 -0.330582253199
-0.68 -0.356356056831 -0.342492224309 -0.328447362524
-0.66 -0.355007326134 -0.34076613334 -0.326251049894
-0.64 -0.35372597077 -0.339010076177 -0.324035148592
-0.62 -0.352487260203 -0.337286155711 -0.321772776636
-0.6 -0.351238029055 -0.33554393794 -0.319500415053
-0.58 -0.349980521016 -0.333774829457 -0.317193683378
-0.56 -0.348711490966 -0.332012913879 -0.314891106533
-0.54 -0.347505895039 -0.330204235421 -0.312479846677
-0.52 -0.346346000281 -0.328423633339 -0.310075038676
-0.5 -0.34519920472 -0.326600223024 -0.307612656453
-0.48 -0.344062757054 -0.324751547627 -0.305093768911
-0.46 -0.342934374406 -0.322902826082 -0.302575551678
-0.44 -0.341775512331 -0.321037376347 -0.300004996946
-0.42 -0.340687922129 -0.319186561732 -0.297410037673
nan nan nan nan
0.2 0.0349959362782 0.0540503145354 0.0733658536822
0.22 0.0356218747335 0.0541607036495 0.0730295493335
0.24 0.0362366530214 0.0542952065012 0.0727252353257
0.26 0.0368607968437 0.0544316850134 0.0723937709062
0.28 0.0374645069545 0.0545738727008 0.0720870125508
0.3 0.0380404674611 0.0547429640618 0.0717952147959
0.32 0.0385970544177 0.0549007915326 0.071483004235
0.34 0.0391648323854 0.0550526873451 0.0712006441487
0.36 0.0396953516289 0.0552108181998 0.0709673974565
0.38 0.040242387793 0.055357900438 0.070742465474
0.4 0.0407251329648 0.0555357577414 0.0705072942342
0.42 0.0412406512275 0.0556994743569 0.0702918794825
0.44 0.0417311472402 0.0558632570482 0.070095456451
0.46 0.0422168856276 0.056030368633 0.0698993597074
0.48 0.0426654932656 0.0562134623297 0.0697114399837
0.5 0.0431288950674 0.0563636801798 0.069591052973
0.52 0.0435893129414 0.0565143888187 0.0694286455815
0.54 0.0440397383344 0.0566837327639 0.0692935084331
0.56 0.0444744640605 0.0568530482836 0.0691878058416
0.58 0.0449210384533 0.0570102423293 0.0690888279635
0.6 0.0453775107708 0.0571805084612 0.0689985385401
0.62 0.04579082985 0.0573706252317 0.0689002613239
0.64 0.0461921584921 0.0575615929451 0.0688268753948
0.66 0.0465724469441 0.0577248538873 0.068759329092
0.68 0.046956495674 0.0578921028278 0.0687154698442
0.7 0.0473109125406 0.0580501153067 0.0686847718502
0.72 0.0476773203644 0.0582402535709 0.0686715776669
0.74 0.0480535010363 0.0584130684213 0.0686648048333
0.76 0.0483884159079 0.0586012319303 0.068648306801
0.78 0.0487288396048 0.0587819946114 0.0686563114084
0.8 0.049049406133 0.0589597424866 0.0686926512394
0.82 0.0493551050124 0.0591251640221 0.0687252010767
0.84 0.0496298374035 0.0592764547196 0.068748302052
0.86 0.0499284312724 0.0594336076713 0.0688047786517
0.88 0.0502036258289 0.0596034850727 0.0688634577293
0.9 0.0504586396627 0.0597662552533 0.0689456341465
0.92 0.0507086369713 0.0599200201931 0.0690099828915
0.94 0.0509580581347 0.0600822454755 0.0690978047465
0.96 0.0511749563769 0.0602493063861 0.0692010387313
0.98 0.0513991653534 0.0603997234938 0.0693225033547
1.0 0.05163851019 0.0605584063249 0.0694319880694
1.02 0.0518311122237 0.0607012455786 0.069529148021
1.04 0.0520371099587 0.0608619711615 0.069622511441
1.06 0.0522146583893 0.0610182069723 0.0697337135243
1.08 0.0523950320156 0.0611501068528 0.0698469819493
1.1 0.0525467346122 0.0612885057284 0.0699743702827
1.12 0.052703844201 0.0614187680797 0.0701041085495
1.14 0.0528647813061 0.0615671720687 0.0702234124725
1.16 0.0530250532777 0.0617006695497 0.0703351322419
1.18 0.0531604519148 0.0618380081151 0.0704646729383
1.2 0.0532959001126 0.0619759250098 0.070580528754
1.22 0.0534408508581 0.062106310799 0.0707060192351
1.24 0.0535522030329 0.0622418376878 0.070824156364
1.26 0.0536563876792 0.0623499828164 0.0709551673454
1.28 0.0537777463692 0.0624652417182 0.0710855476485
1.3 0.0538989641179 0.0625888092018 0.0712094855222
1.32 0.0540095378198 0.0626948761047 0.0713394926191
1.34 0.0541017454861 0.0627967784292 0.071461347301
1.36 0.0541878360945 0.0628901003068 0.071584236238
1.38 0.0542621329069 0.0629909556674 0.07170045828
1.4 0.0543466605333 0.0630798437181 0.071806612001
1.42 0.0544213150006 0.0631780011584 0.0718989337501
1.44 0.0544798740786 0.0632707770758 0.0719941257478
1.46 0.0545543316676 0.0633550624053 0.0720831639288
1.48 0.0546136947617 0.0634196129151 0.0721812849091
1.5 0.054662992053 0.0634898686374 0.0722777815128
1.52 0.0547297609225 0.0635576505653 0.0723489163343
1.54 0.0547709365386 0.0636081636312 0.0724292435026
1.56 0.0548182338587 0.0636581488148 0.0724896176962
1.58 0.0548586068001 0.0636928981944 0.0725518118859
1.6 0.0548993160991 0.063738464687 0.0726029139232
1.62 0.0549238786606 0.0637805515363 0.0726557869077
1.64 0.0549486771705 0.0638126209473 0.0726888986375
1.66 0.0549583826933 0.0638206476839 0.0727229168102
1.68 0.0549671778886 0.0638386053833 0.0727441833657
1.7 0.0549655669966 0.0638574544653 0.072749247441
1.72 0.0549522769147 0.0638587762846 0.0727744712168
1.74 0.0549646221124 0.0638401414819 0.0727885835781
1.76 0.0549597544136 0.0638320891669 0.0727848890519
1.78 0.0549232827992 0.0638132461939 0.0727612181969
1.8 0.0548996863141 0.0637930436796 0.0727367203236
1.82 0.0548615835691 0.0637486699293 0.0727031360291
1.84 0.0548226145747 0.0637131962576 0.0726628547437
1.86 0.0547777116384 0.0636668612959 0.0726170914247
1.88 0.0547264886261 0.0635956150504 0.0725515415851
1.9 0.0546583042354 0.0635400006281 0.0724725504377
1.92 0.0545938047345 0.0634773160488 0.0723905878789
1.94 0.0545191841136 0.0633992076646 0.07230720466
1.96 0.0544536147868 0.0633015107059 0.0721888253826
1.98 0.0543692129363 0.0632027366731 0.0720904366937
2.0 0.0542869846523 0.0630906866395 0.0719730442053
2.02 0.0541965076082 0.0629787689827 0.0718465364852
2.04 0.0540938638265 0.0628585161846 0.0716948145525
2.06 0.0539726226672 0.0627318492178 0.0715414794759
2.08 0.0538544038519 0.0625893903195 0.0713744801483
2.1 0.0537170595003 0.0624402748622 0.0711996442606
2.12 0.0535608686439 0.0622876069019 0.0710284326603
2.14 0.0534297902078 0.0621128697992 0.0708351524855
2.16 0.0532950032401 0.0619380599637 0.0706270564927
2.18 0.0531260527126 0.0617603775875 0.0704173912991
2.2 0.052966102031 0.0615827984118 0.070184278377
2.22 0.0528057292769 0.0613722616138 0.0699401929591
2.24 0.0526192981121 0.0611519775433 0.0696881008407
2.26 0.0524383636266 0.0609225714834 0.0694211498966
2.28 0.052230984378 0.0606838215066 0.0691434639016
2.3 0.0520160925264 0.0604374266927 0.0688477804033
2.32 0.0518185948519 0.0601755138041 0.0685424342753
2.34 0.0515921440355 0.059905500834 0.0682486170015
2.36 0.051338537046 0.0596245162157 0.067923663483
2.38 0.0510786546021 0.0593292192835 0.0675970301094
2.4 0.0507967414881 0.0590160259728 0.067246768791
2.42 0.0505115057673 0.0587055254447 0.0668929394719
2.44 0.0502134310017 0.0583691313223 0.0665448772714
2.46 0.0499022889353 0.0580313651694 0.0661807478703
2.48 0.0495870085606 0.0576773500012 0.0657854334827
2.5 0.0492657743454 0.0573220963727 0.0653863147233
2.52 0.0489295718961 0.056940016951 0.0649694226385
2.54 0.0485941275684 0.05654602777 0.0645536742076
2.56 0.0482367658607 0.0561544311045 0.0641240293635
2.58 0.0478686077929 0.0557451530894 0.0636880244405
2.6 0.0474999852851 0.0553315285385 0.0632355275464
2.62 0.0471044284499 0.0548947074256 0.0627525992191
2.64 0.0466841932786 0.0544494834085 0.0622697980974
2.66 0.0462700941021 0.0539937341148 0.0617771699203
2.68 0.0458213375234 0.053532709109 0.0612620726476
2.7 0.0453515841382 0.0530416885142 0.0607378723054
2.72 0.0448775937801 0.0525314931512 0.0602023072053
2.74 0.0443971903725 0.0520235259563 0.059652083796
2.76 0.0438945085325 0.0514974703419 0.0590997761962
2.78 0.0433782599363 0.0509540436813 0.0585197275776
2.8 0.0428362046273 0.0503951322681 0.0579430118503
2.82 0.0422971377006 0.0498189430455 0.0573491936591
2.84 0.0417312831469 0.0492243000036 0.0567478375284
2.86 0.0411486673526 0.0486276498666 0.0561180120547
2.88 0.0405767603826 0.0480102523368 0.0554905902593
2.9 0.0399534000947 0.0473903039994 0.0548476566404
2.92 0.0393416220204 0.0467457548325 0.0541915369134
2.94 0.0387102018653 0.0460799116674 0.0535188456291
2.96 0.0380539533831 0.0454082635939 0.0528340198146
2.98 0.0373792891747 0.0447212595334 0.0521456433689
3.0 0.0366881599959 0.0440230150029 0.0514548758381
3.02 0.0359784301399 0.0432991653669 0.0507375989702
3.04 0.0352490824899 0.0425766902447 0.0499953086487
3.06 0.0345099399874 0.0418194655976 0.0492458678852
3.08 0.033732340042 0.0410578198897 0.0484917593579
3.1 0.0329485619014 0.0402772821562 0.047712008804
3.12 0.0321339758604 0.0394747774111 0.0469239895946
3.14 0.0313114020106 0.0386678007243 0.0461310443036
3.16 0.0304420544345 0.0378254626829 0.0453097740498
3.18 0.0295795159776 0.0369927359952 0.0444784774602
3.2 0.0286992109627 0.0361327756519 0.0436246667022
3.22 0.0277889943134 0.0352462352085 0.0427733962051
3.24 0.0268600021529 0.0343644800453 0.0419056858103
3.26 0.0259141227417 0.0334629047357 0.0410110898892
3.28 0.024953794267 0.0325321451425 0.0401185726359
3.3 0.0239738703633 0.0315764680106 0.0391883323758
3.32 0.0229730507294 0.0306146833148 0.0382469638868
3.34 0.0219581355443 0.0296373222109 0.0373001770961
3.36 0.0209224232594 0.0286402933282 0.0363388381515
3.38 0.019865289418 0.0276276923981 0.0353710831535
3.4 0.018794492025 0.0265880675307 0.034373040778
3.42 0.01769957907 0.025530071424 0.033352410624
3.44 0.0165797856305 0.0244467212944 0.0323405097702
3.46 0.0154297499588 0.0233575195931 0.0312906449493
3.48 0.0142712173201 0.0222517652416 0.0302411959007
3.5 0.0130744532033 0.0211228599199 0.0291734000187
3.52 0.0118623746136 0.0199895641148 0.0280860924196
3.54 0.0106356957671 0.0188302567654 0.0269600679719
3.56 0.00938070748407 0.0176546438522 0.0258212725906
3.58 0.00809772326982 0.0164573413803 0.0246810800881
3.6 0.00683100265716 0.0152420808492 0.0235158674826
3.62 0.00552668456964 0.0139998571803 0.0223239706374
3.64 0.00420066561062 0.0127304167663 0.0211486153248
3.66 0.00286028026616 0.0114388747764 0.0199287324128
3.68 0.00150536729057 0.0101351168689 0.0187058594139
3.7 0.000119726378007 0.00881989082355 0.0174475018725
3.72 -0.0012822356431 0.00747606051642 0.0161776894232
3.74 -0.00270414067688 0.0061129404247 0.0148748093863
3.76 -0.00414391210466 0.00472720410176 0.0135571678589
3.78 -0.00560705586919 0.00332894268885 0.0122201244933
3.8 -0.00711397089301 0.00189836336168 0.0108820810667
3.82 -0.00863475965229 0.000448284727193 0.00951496463439
3.84 -0.0101762227778 -0.00102325521328 0.00812416825779
3.86 -0.0117171127519 -0.00251595685039 0.00669678099006
3.88 -0.0133017432935 -0.00402048033193 0.00525828435027
3.9 -0.0148958764137 -0.00554859462681 0.00380311919974
3.92 -0.0165241864958 -0.00709608399584 0.0023040908097
3.94 -0.0181407665061 -0.00867469868323 0.000785965629022
3.96 -0.0197918625618 -0.010278515046 -0.000729253842293
3.98 -0.0214946056346 -0.0118940278746 -0.0022781836786
4.0 -0.0232069483936 -0.0135366198506 -0.00384562604206
4.02 -0.0249321844626 -0.0151976202577 -0.0054250497125
4.04 -0.0267109044802 -0.0168857901627 -0.00703482163951
4.06 -0.028484881104 -0.0185995466777 -0.00867063877102
4.08 -0.0302761567804 -0.0203256282729 -0.0103448298855
4.1 -0.0320953264398 -0.0220844658431 -0.0120351813278
4.12 -0.033938884467 -0.0238572178599 -0.0137344660369
4.14 -0.035805583382 -0.0256457598709 -0.0154718281222
4.16 -0.0376791444732 -0.0274575134191 -0.0172236394107
4.18 -0.0395975938192 -0.0293014414147 -0.0190081604188
4.2 -0.0415233781517 -0.0311586090954 -0.0208150175211
4.22 -0.0434694392614 -0.0330431042416 -0.0226339279216
4.24 -0.0454478152834 -0.0349542702967 -0.0244818052334
4.26 -0.0474363599625 -0.0368969232436 -0.0263594935788
4.28 -0.0494488750431 -0.0388554646495 -0.0282685999215
4.3 -0.051489059759 -0.0408382205208 -0.0301964396092
4.32 -0.0535509009918 -0.0428456206401 -0.0321426873212
4.34 -0.0556404580781 -0.0448761294867 -0.0341100357653
4.36 -0.0577461540427 -0.0469172448995 -0.0361288260873
4.38 -0.0598719379913 -0.0489939241592 -0.0381542792445
4.4 -0.0620255849765 -0.0510950480226 -0.0401939508758
4.42 -0.0642181340355 -0.0532204742612 -0.0422647476473
4.44 -0.0664091507344 -0.0553551499256 -0.0443635085846
4.46 -0.0686190645812 -0.0575207710092 -0.0464903700889
4.48 -0.0708458299354 -0.0597092234125 -0.048631394889
4.5 -0.0731023598272 -0.0619206394931 -0.0507994207395
4.52 -0.0753756016918 -0.064145858166 -0.0529910623502
4.54 -0.0776682201297 -0.06640252939 -0.0552055777744
4.56 -0.0799881711658 -0.0686896049852 -0.0574504942777
4.58 -0.0823191186721 -0.0709942890465 -0.0597141180343
4.6 -0.084669740238 -0.0733199363665 -0.0620027102615
4.62 -0.0870544222354 -0.0756533259852 -0.0643115930651
4.64 -0.0894527251994 -0.0780117801213 -0.066642913346
4.66 -0.0918709482299 -0.080397441526 -0.0689907650436
4.68 -0.0943233485978 -0.0828102797204 -0.0713635045798
4.7 -0.0967766328659 -0.0852484840835 -0.0737788821769
4.72 -0.0992642212322 -0.0877077968695 -0.0761949606555
4.74 -0.101771304984 -0.090159621864 -0.0786365939114
4.76 -0.104293349702 -0.0926501955737 -0.0810944533256
4.78 -0.106819991688 -0.0951625163667 -0.0835721231685
4.8 -0.109363486015 -0.0976943715226 -0.0860784656405
4.82 -0.111935348908 -0.100238663845 -0.0886034135093
4.84 -0.114541325542 -0.102807330754 -0.0911561761808
4.86 -0.117146692129 -0.105396712773 -0.0937234445865
4.88 -0.119787223859 -0.108012080585 -0.0963191826061
4.9 -0.12245242867 -0.110659992672 -0.0989269181197
4.92 -0.125124513632 -0.113319889236 -0.101568814524
4.94 -0.127822842623 -0.115996881105 -0.104234779198
4.96 -0.130545042806 -0.118701491096 -0.10691310652
4.98 -0.133284966724 -0.121413304485 -0.109608310212
5.0 -0.136020280543 -0.124149571269 -0.11234488501
5.02 -0.138780027719 -0.126887273646 -0.115097189654
5.04 -0.141572218678 -0.129656032415 -0.117862074967
5.06 -0.144377355816 -0.132446809185 -0.1206531632
5.08 -0.147205121412 -0.135262994498 -0.123449470414
5.1 -0.15004633897 -0.138076614243 -0.126278312323
5.12 -0.152899515489 -0.140940272448 -0.129118353972
5.14 -0.155778290175 -0.143804405582 -0.131977418426
5.16 -0.158661852847 -0.14668583938 -0.134850885068
5.18 -0.161565704784 -0.149602092281 -0.137748839682
5.2 -0.164494440401 -0.152523711222 -0.140672590331
5.22 -0.167455163375 -0.155460091902 -0.143617090276
5.24 -0.170417199285 -0.158423016129 -0.146566556257
5.26 -0.173384405249 -0.161405064277 -0.149534148532
5.28 -0.176386377345 -0.164387280393 -0.15253673814
5.3 -0.179402211597 -0.167398129996 -0.155546032418
5.32 -0.182441447229 -0.170428072264 -0.158572742637
5.34 -0.185498381935 -0.173483983718 -0.161619611609
5.36 -0.188563148062 -0.176543760225 -0.164681034235
5.38 -0.191664525693 -0.179632290052 -0.167774015096
5.4 -0.194752177435 -0.18274372921 -0.170891552731
5.42 -0.197886712571 -0.185869116215 -0.174011473759
5.44 -0.201032208151 -0.189010909271 -0.177163982937
5.46 -0.204198025869 -0.192170254278 -0.180328075997
5.48 -0.20736456106 -0.195341083522 -0.183490860372
5.5 -0.210547062434 -0.198528730685 -0.186678830545
5.52 -0.213749762299 -0.201737337955 -0.189878406987
5.54 -0.216975048791 -0.204970722789 -0.193099861854
5.56 -0.220211116449 -0.208204515606 -0.196338006068
5.58 -0.223467433194 -0.211458015968 -0.199601777052
5.6 -0.226729072575 -0.214716247138 -0.202873330998
5.62 -0.230017572595 -0.217995590444 -0.206160812255
5.64 -0.233316456669 -0.221298034576 -0.209473518992
5.66 -0.236628819436 -0.224613474285 -0.212797622258
5.68 -0.239961164221 -0.227944311184 -0.216127294541
5.7 -0.243317804399 -0.231290936058 -0.219489009892
5.72 -0.246687999181 -0.234662372451 -0.222873115357
5.74 -0.250072419469 -0.23803981276 -0.22626145926
5.76 -0.253457959251 -0.241444809302 -0.22966039368
5.78 -0.256850948842 -0.244851335876 -0.233088580092
5.8 -0.260279092312 -0.248272040096 -0.236515507398
5.82 -0.26371418629 -0.251717328803 -0.239968476681
5.84 -0.267155632493 -0.255171774723 -0.243433066758
5.86 -0.270636234415 -0.258639527958 -0.246920186265
5.88 -0.274112787778 -0.262130728539 -0.250420907995
5.9 -0.277612101836 -0.265628167254 -0.253919402149
5.92 -0.281123509117 -0.269122315369 -0.257443797553
5.94 -0.284661358353 -0.272652506655 -0.260970072099
5.96 -0.288209362691 -0.276194772461 -0.264521794803
5.98 -0.291763832705 -0.279750829385 -0.2680865998
6.0 -0.295333045652 -0.28333363357 -0.271666791576
6.02 -0.29891546044 -0.286920694933 -0.275250694727
6.04 -0.302518578183 -0.290519057919 -0.278852235952
6.06 -0.306120723997 -0.294137326959 -0.282479991301
6.08 -0.309736085 -0.297766746191 -0.28611324111
6.1 -0.313379323314 -0.301401379922 -0.289758615782
6.12 -0.317057401314 -0.305060219685 -0.293417496739
6.14 -0.320714314126 -0.30872994815 -0.297078170748
6.16 -0.324385212145 -0.312401333517 -0.300739651894
6.18 -0.328102027446 -0.316086913213 -0.304430616484
6.2 -0.331803964328 -0.319789573544 -0.308124765922
6.22 -0.335527952728 -0.323509144635 -0.311834487694
6.24 -0.339267747783 -0.327240997394 -0.315570107021
6.26 -0.343002831588 -0.330989958421 -0.319298951358
6.28 -0.346778241433 -0.334751342787 -0.32305510591
6.3 -0.350566340501 -0.338519620823 -0.32682555507
6.32 -0.354352132535 -0.342297041175 -0.330603677167
6.34 -0.358167734231 -0.346088429699 -0.334395927158
6.36 -0.361987173114 -0.349897687642 -0.338196715392
6.38 -0.36582281443 -0.353713872397 -0.342025698115
6.4 -0.369662425419 -0.357541851355 -0.345856182542
6.42 -0.373517415789 -0.361389081602 -0.349685717922
6.44 -0.377379265502 -0.365242798872 -0.353530168777
6.46 -0.381267454266 -0.369093055777 -0.357376406789
6.48 -0.385165033723 -0.372962556707 -0.36124524922
6.5 -0.389063589375 -0.376860212522 -0.365116220971
6.52 -0.392980610058 -0.380753572435 -0.369014458852
6.54 -0.396914563911 -0.384662850877 -0.372913632825
6.56 -0.400844864159 -0.388595460615 -0.376829730739
6.58 -0.404779824293 -0.392523852643 -0.380767876673
6.6 -0.408747640269 -0.396479837182 -0.384707587569
6.62 -0.412717770616 -0.400455623343 -0.388642188602
6.64 -0.416702098293 -0.404434954737 -0.392583955484
6.66 -0.42070934884 -0.408411593311 -0.39654115107
6.68 -0.424711412366 -0.412401766174 -0.400492682148
6.7 -0.428716471742 -0.416406241534 -0.404484660368
6.72 -0.432753626576 -0.420415396586 -0.408469328624
6.74 -0.436809758992 -0.424429039229 -0.412452066888
6.76 -0.440865314567 -0.428463269863 -0.416474579087
6.78 -0.44493561261 -0.432502321604 -0.42049818818
6.8 -0.449001903933 -0.436546642248 -0.424520298788
6.82 -0.453072656455 -0.440602890296 -0.42856424428
6.84 -0.457183706477 -0.444664146888 -0.43262519051
6.86 -0.461294831268 -0.448727845677 -0.436672752083
6.88 -0.46540946001 -0.452829128223 -0.440734520626
6.9 -0.469544087096 -0.456917516867 -0.444796764288
6.92 -0.473683502945 -0.461005446747 -0.448880514423
6.94 -0.477821440951 -0.46511860507 -0.452966586578
6.96 -0.481976262314 -0.469247885196 -0.457066039299
6.98 -0.486136954605 -0.473367337338 -0.461145070909
7.0 -0.490301295548 -0.477504619295 -0.465256101047
7.02 -0.494476559781 -0.481638916472 -0.469381756793
7.04 -0.498669287589 -0.485788240003 -0.473510498345
7.06 -0.502876355359 -0.489942031062 -0.477636447058
7.08 -0.507085134459 -0.494109958229 -0.481777619721
7.1 -0.511295558232 -0.498295231336 -0.485923770284
7.12 -0.515519100926 -0.502479584229 -0.490088925526
7.14 -0.519742684474 -0.506681615662 -0.49425787286
7.16 -0.523997715383 -0.510885784244 -0.498414116549
7.18 -0.528238020365 -0.515086769105 -0.502613109273
7.2 -0.532492346521 -0.519295896451 -0.506785961493
7.22 -0.536756607354 -0.523517658172 -0.510986248141
7.24 -0.541040594455 -0.527751838988 -0.515164650621
7.26 -0.545328068387 -0.531997321282 -0.519357210853
7.28 -0.54964254417 -0.536243991652 -0.523555364516
7.3 -0.553931537853 -0.540508992224 -0.527777386391
7.32 -0.558241225248 -0.54478229575 -0.532005288402
7.34 -0.562553216394 -0.549056937848 -0.536239460452
7.36 -0.566888087963 -0.553332624992 -0.540471691091
7.38 -0.571204588594 -0.557606154041 -0.544724477374
7.4 -0.575533876208 -0.561894777114 -0.548992672171
7.42 -0.579874219766 -0.566181229612 -0.553255064261
7.44 -0.584210880197 -0.570487217432 -0.5575115413
7.46 -0.588557074162 -0.574787389153 -0.561762736016
7.48 -0.592910667033 -0.579094690413 -0.56603712114
7.5 -0.59726547329 -0.583410624905 -0.570315774913
7.52 -0.601641358565 -0.587734835129 -0.574599302769
7.54 -0.606022041235 -0.592057451613 -0.578891637694
7.56 -0.610393540261 -0.596383575515 -0.5832043089
7.58 -0.614756324089 -0.600733993815 -0.587509562551
7.6 -0.61912779351 -0.605086203228 -0.591789970251
7.62 -0.623530424947 -0.609439414623 -0.596108740233
7.64 -0.6279368956 -0.613790278918 -0.600430382313
7.66 -0.632345620435 -0.618149555722 -0.604747803778
7.68 -0.636757884102 -0.622532632512 -0.609079624945
7.7 -0.641170440533 -0.626899552551 -0.613397081312
7.72 -0.64560163679 -0.631275382573 -0.617724607103
7.74 -0.650021096385 -0.635659907986 -0.622074447387
7.76 -0.654446882373 -0.640050124143 -0.626400950508
7.78 -0.65887255604 -0.644434686617 -0.630746672965
7.8 -0.663322712792 -0.648815177667 -0.635084176612
7.82 -0.66774088677 -0.653219739545 -0.639432564383
7.84 -0.672175366549 -0.65761210484 -0.643805836935
7.86 -0.676634804427 -0.662022753225 -0.648174987955
7.88 -0.681092055561 -0.666434758236 -0.652539668885
7.9 -0.685547598956 -0.670841109492 -0.656913339298
7.92 -0.690007464766 -0.6752671625 -0.661284319434
7.94 -0.694492767634 -0.679691329406 -0.665674388044
7.96 -0.698957603493 -0.684121420731 -0.670062886726
7.98 -0.703445815877 -0.688563989046 -0.674454664444
8.0 -0.707928329139 -0.693008282643 -0.678852666984
8.02 -0.712395040237 -0.697436583795 -0.683247764491
8.04 -0.71687424529 -0.701875069791 -0.687649550076
8.06 -0.7213533591 -0.706317365818 -0.69205145893
8.08 -0.725848930482 -0.710766675026 -0.696450015685
8.1 -0.730346632726 -0.715210867784 -0.700861245629
8.12 -0.734834356147 -0.719657090785 -0.705287295441
8.14 -0.739332912285 -0.724099561272 -0.709708888978
8.16 -0.743828249361 -0.728556065647 -0.714148991221
8.18 -0.748330326715 -0.73301198666 -0.718570851508
8.2 -0.752813658783 -0.737471389231 -0.722992681917
8.22 -0.757312199329 -0.741927403234 -0.727422554053
8.24 -0.761820345892 -0.746387915989 -0.73185053493
8.26 -0.766324387112 -0.750843724508 -0.736291177265
8.28 -0.770824924886 -0.755301716191 -0.740722965195
8.3 -0.775333006609 -0.759758630004 -0.745174406674
8.32 -0.77982107443 -0.764229391582 -0.749615473751
8.34 -0.784321622863 -0.768704127817 -0.754052329001
8.36 -0.788823112 -0.773174791739 -0.75849190858
8.38 -0.793323896651 -0.777646367461 -0.762948112643
8.4 -0.797823433319 -0.782129368324 -0.767399322572
8.42 -0.802330709797 -0.786601672087 -0.771844546596
8.44 -0.806830892941 -0.79108256677 -0.77628113951
8.46 -0.811347467079 -0.795562891324 -0.780738476455
8.48 -0.815859788286 -0.800048498378 -0.785184022884
8.5 -0.820373143411 -0.804537467691 -0.789625689403
8.52 -0.824887302122 -0.809025327944 -0.794094056652
8.54 -0.829413057498 -0.813518523385 -0.798567344154
8.56 -0.833921537 -0.818009162796 -0.803039583162
8.58 -0.838435461039 -0.822497912703 -0.807509980326
8.6 -0.842951904599 -0.826982055956 -0.811969970491
8.62 -0.847459628708 -0.831476879581 -0.816454306162
8.64 -0.851965866827 -0.835978021621 -0.820949351189
8.66 -0.856469615128 -0.840474050001 -0.825432759654
8.68 -0.860984815848 -0.844972102707 -0.829916271106
8.7 -0.865509260681 -0.849477191041 -0.834395138811
8.72 -0.87002309496 -0.853978461409 -0.838876727614
8.74 -0.874534637707 -0.858492686952 -0.843379521089
8.76 -0.879064770027 -0.862991151923 -0.847871293946
8.78 -0.883584461768 -0.867504820629 -0.852366124637
8.8 -0.888111715062 -0.872014332665 -0.856881234894
8.82 -0.892632249646 -0.876528886282 -0.861384632126
8.84 -0.897154941451 -0.88104125178 -0.865896453267
8.86 -0.901681472012 -0.885562970076 -0.870409988564
8.88 -0.906205893959 -0.89007504193 -0.874919597235
8.9 -0.910726973116 -0.894587430538 -0.879431213441
8.92 -0.91525702004 -0.899118053916 -0.883937647829
8.94 -0.919786627197 -0.903627712576 -0.888462095992
8.96 -0.924322020561 -0.908143760391 -0.892979767426
8.98 -0.928861204612 -0.912681963451 -0.897503522431
9.0 -0.933385061939 -0.917204879616 -0.902035554582
9.02 -0.937927087571 -0.921734285693 -0.906572982044
9.04 -0.942445984433 -0.926261089012 -0.911107229596
9.06 -0.946983118304 -0.930787454875 -0.915653026547
9.08 -0.9515309955 -0.935309077868 -0.920190980454
9.1 -0.956052159012 -0.939842530784 -0.924734537182
9.12 -0.960605657442 -0.944379388046 -0.929268372938
9.14 -0.9651415509 -0.948915504511 -0.933835447988
9.16 -0.96969508822 -0.95346694778 -0.938380779742
9.18 -0.974254790989 -0.958011371517 -0.942929092703
9.2 -0.978813507367 -0.962555071305 -0.947494942615
9.22 -0.983357623957 -0.96710085418 -0.952078578359
9.24 -0.987902066994 -0.971648093227 -0.956629435409
9.26 -0.99245869299 -0.976201832319 -0.96118713882
9.28 -0.997019418565 -0.980758466109 -0.96575266538
9.3 -1.00156209733 -0.985320768134 -0.97031129936
9.32 -1.00610489646 -0.989893129922 -0.974904536194
9.34 -1.01064739729 -0.994454532336 -0.979487826634
9.36 -1.0152027958 -0.999013196564 -0.984075672493
9.38 -1.01978059666 -1.00358021824 -0.988647412797
9.4 -1.02434248193 -1.00815826808 -0.993238859392
9.42 -1.0289015044 -1.01273126171 -0.997824747816
9.44 -1.03346681867 -1.01729835647 -1.00240696096
9.46 -1.03801387919 -1.02188280859 -1.00700802568
9.48 -1.04257999182 -1.02646218035 -1.0116097299
9.5 -1.04714395793 -1.03104231906 -1.01621331728
9.52 -1.05172033201 -1.03563325952 -1.02081814399
9.54 -1.05628303523 -1.04021352899 -1.02542528883
9.56 -1.06083506575 -1.04479625493 -1.0300504434
9.58 -1.06540661922 -1.04938640951 -1.03466736121
9.6 -1.06998236596 -1.05398633973 -1.03928075147
9.62 -1.07455059878 -1.05858779892 -1.04388365089
9.64 -1.07913796526 -1.06318742923 -1.04850052117
9.66 -1.08370213946 -1.06778944037 -1.05311566781
9.68 -1.08827690064 -1.07238486005 -1.05773587956
9.7 -1.09285043004 -1.07699913729 -1.06234254126
9.72 -1.09740709415 -1.08160363426 -1.06698207032
9.74 -1.10199811125 -1.0862078354 -1.07160135348
9.76 -1.10656532358 -1.09080863542 -1.0762469678
9.78 -1.11114493483 -1.09541998452 -1.0808977208
9.8 -1.1157339285 -1.10002422853 -1.08552900854
9.82 -1.12031074681 -1.10461985964 -1.0901879497
9.84 -1.12489890236 -1.10923945869 -1.09481787825
9.86 -1.12948416738 -1.11386308645 -1.0994646917
9.88 -1.13407563777 -1.11848877698 -1.10410624985
9.9 -1.13866424494 -1.12311716702 -1.10875157181
9.92 -1.14326098832 -1.1277524237 -1.11341180189
9.94 -1.14783709538 -1.13237786597 -1.11808139265
9.96 -1.15242525836 -1.13700944442 -1.12272224719
9.98 -1.15701048731 -1.14164863646 -1.12737697729
10.0 -1.16162192902 -1.14627582763 -1.13205432488
10.02 -1.16623823573 -1.15091138162 -1.13670828108
10.04 -1.17086647398 -1.15553498917 -1.14135336254
10.06 -1.17547585525 -1.16017397762 -1.14601520046
10.08 -1.18007825554 -1.16480011303 -1.1506865115
10.1 -1.1846786771 -1.16943698091 -1.15537616735
10.12 -1.1892944773 -1.17408408682 -1.16003878924
10.14 -1.19389526766 -1.17872634544 -1.16472240832
10.16 -1.19852770766 -1.18339204133 -1.16941820163
10.18 -1.20316126559 -1.18804793415 -1.17410321162
10.2 -1.20778905112 -1.19269591157 -1.17879376146
10.22 -1.2124232766 -1.19736989611 -1.18346940778
10.24 -1.21705869808 -1.20202612572 -1.18814518378
10.26 -1.22167452944 -1.20669421656 -1.19284593489
10.28 -1.22630116029 -1.21134280248 -1.19753610662
10.3 -1.23092566776 -1.21601077476 -1.20224717592
10.32 -1.23554972215 -1.22068591176 -1.20695682284
10.34 -1.24019192013 -1.22536468774 -1.211647771
10.36 -1.24483145329 -1.23005747482 -1.2163531506
10.38 -1.24949355803 -1.23473858102 -1.22106059068
10.4 -1.25413277408 -1.23941055509 -1.22577091292
10.42 -1.25878299091 -1.24410592984 -1.23046739687
10.44 -1.26343814504 -1.24879452028 -1.23518346106
10.46 -1.26810633026 -1.25349108721 -1.23989048056
10.48 -1.27276272082 -1.25817562916 -1.24459908312
10.5 -1.27741877684 -1.26286732426 -1.24931997638
10.52 -1.28208145558 -1.26754802224 -1.25405118294
10.54 -1.28674490435 -1.27222409868 -1.25876443734
10.56 -1.29141014157 -1.2769229232 -1.2634723017
10.58 -1.29607558726 -1.28163280438 -1.26822468193
10.6 -1.30074646827 -1.28634705696 -1.27294831865
10.62 -1.30543043315 -1.29104582049 -1.27768835728
10.64 -1.31011374821 -1.29575873742 -1.28242042509
10.66 -1.31477453587 -1.30045589285 -1.28716579232
10.68 -1.31945914089 -1.30515927147 -1.29191164692
10.7 -1.32414112354 -1.30987074274 -1.29663829374
10.72 -1.32883015224 -1.31459028907 -1.30139668227
10.74 -1.33350994126 -1.31931890217 -1.30615318441
10.76 -1.33818958021 -1.32403880653 -1.31090633266
10.78 -1.34290219548 -1.32874218589 -1.31567149123
10.8 -1.34760354597 -1.33346702723 -1.32042207433
10.82 -1.35230521596 -1.33820554912 -1.32515974991
10.84 -1.35699495161 -1.34293999251 -1.32991312114
10.86 -1.36169252397 -1.34767557213 -1.33465369986
10.88 -1.36640801898 -1.35241544435 -1.33941085819
10.9 -1.37111813999 -1.35715111891 -1.34416984449
10.92 -1.37583122474 -1.36188570834 -1.3489137394
10.94 -1.38053256082 -1.36664411352 -1.35368411252
10.96 -1.38524927324 -1.37139376107 -1.35843709113
10.98 -1.38999052836 -1.37617328493 -1.36320470549
11.0 -1.39472390047 -1.38093362822 -1.36795610992
11.02 -1.39943332325 -1.38568880203 -1.3727138367
11.04 -1.40416516674 -1.3904495804 -1.37747511613
11.06 -1.40890723385 -1.39521018591 -1.38225426523
11.08 -1.413647263 -1.39997548217 -1.38702536706
11.1 -1.41839017671 -1.40473255432 -1.39178969456
11.12 -1.42315830085 -1.40950642426 -1.39655597917
11.14 -1.42791976934 -1.41428805599 -1.40133323506
11.16 -1.43266836174 -1.41906046751 -1.40612298884
11.18 -1.4374050311 -1.42384370206 -1.41090737779
11.2 -1.44216883541 -1.42861700706 -1.41569451843
11.22 -1.4469048411 -1.43340224127 -1.42047762503
11.24 -1.45167332363 -1.43819982809 -1.42525196299
11.26 -1.45647251165 -1.44299805833 -1.43004433511
11.28 -1.46123157772 -1.44779008589 -1.43483190189
11.3 -1.46603483028 -1.4525812919 -1.43961563658
11.32 -1.47081255247 -1.45738450521 -1.44440774852
11.34 -1.47560298707 -1.4621885335 -1.44919751891
11.36 -1.48039803356 -1.46698071488 -1.45398310636
11.38 -1.48519574491 -1.47178667185 -1.45877701906
11.4 -1.49001638969 -1.47659307064 -1.46356820178
11.42 -1.49482531356 -1.48141187001 -1.46837937371
11.44 -1.49962803378 -1.48621805107 -1.47316910548
11.46 -1.50445382684 -1.49104003727 -1.47795389448
11.48 -1.50927594885 -1.49585864897 -1.48274418628
11.5 -1.51411929087 -1.50065365531 -1.48755690612
11.52 -1.5189677312 -1.50548190748 -1.49234763319
11.54 -1.52382098394 -1.51031110835 -1.49713959203
11.56 -1.52864754576 -1.51512062694 -1.50193510169
11.58 -1.53349245347 -1.51995478213 -1.50675456724
11.6 -1.53835348354 -1.52477808858 -1.51156567348
11.62 -1.54319942882 -1.52961567971 -1.51639547138
11.64 -1.54804264067 -1.53446438855 -1.52119852263
11.66 -1.55292132583 -1.53928924954 -1.52600978697
11.68 -1.55780871047 -1.54413791536 -1.53081317564
11.7 -1.56267777517 -1.54897534908 -1.53561691601
11.72 -1.56755812354 -1.55382359924 -1.54039547919
11.74 -1.57243974183 -1.55865662728 -1.54518096576
11.76 -1.5773173148 -1.56350876011 -1.54999577169
11.78 -1.58218569054 -1.56834472583 -1.55483133909
11.8 -1.58709641067 -1.57321618129 -1.55962986529
11.82 -1.59200163625 -1.57808385413 -1.56446269019
11.84 -1.5969349048 -1.58295466286 -1.56926402253
11.86 -1.60186300704 -1.58783396455 -1.57408598379
11.88 -1.60676565385 -1.59272026725 -1.57888920204
11.9 -1.61169429752 -1.59757998689 -1.58369678927
11.92 -1.61661530967 -1.60244094981 -1.58850671328
11.94 -1.62155273856 -1.60732694693 -1.59332609281
11.96 -1.62650546933 -1.61220743991 -1.59815599108
11.98 -1.63142835483 -1.61708954471 -1.60298374048
12.0 -1.63637673103 -1.62196962374 -1.60781071526
12.02 -1.64133214449 -1.62685940926 -1.61259390696
12.04 -1.6462824279 -1.63174899129 -1.6174099908
12.06 -1.65121252536 -1.63664981664 -1.62221900398
12.08 -1.65615688463 -1.64154513713 -1.6270612332
12.1 -1.66112175283 -1.6464401497 -1.63190533879
12.12 -1.66609091359 -1.65134169419 -1.63672567859
12.14 -1.67107027251 -1.65623703873 -1.64154621474
12.16 -1.67606138461 -1.66113600916 -1.64636880683
12.18 -1.68107589642 -1.66605445505 -1.65119301735
12.2 -1.68608188003 -1.67095447399 -1.65600856669
12.22 -1.6910723578 -1.67586407264 -1.66082530577
12.24 -1.696070435 -1.68078018776 -1.66565370307
12.26 -1.70106682956 -1.68569660921 -1.67051626226
12.28 -1.70608516692 -1.69059785948 -1.67535704873
12.3 -1.71109470691 -1.69553389972 -1.68018265891
12.32 -1.71610855019 -1.70045346288 -1.68500445766
12.34 -1.7211166953 -1.70539257777 -1.68982710528
12.36 -1.72614082466 -1.71033875534 -1.69465307615
12.38 -1.73118075503 -1.71526672489 -1.69949322982
12.4 -1.73622832704 -1.72021640458 -1.70432051873
12.42 -1.74126013706 -1.72514422641 -1.70917116132
12.44 -1.74629840078 -1.73008475415 -1.71402728619
12.46 -1.75134766632 -1.73504069888 -1.71886341639
12.48 -1.75640272435 -1.73999183111 -1.72373571361
12.5 -1.76145467436 -1.74495129634 -1.72857692195
12.52 -1.76651058072 -1.74989606472 -1.73339008165
12.54 -1.77158133997 -1.75484656689 -1.7382234051
12.56 -1.77667856841 -1.75980001732 -1.7430570115
12.58 -1.7817366366 -1.76474638757 -1.7478792219
12.6 -1.7868050637 -1.76971152538 -1.75270567368
12.62 -1.7919052314 -1.77469401086 -1.75753783415
12.64 -1.79702145664 -1.77964865082 -1.7623755495
12.66 -1.80212184692 -1.78461486081 -1.76719539575
12.68 -1.80724584393 -1.78960015158 -1.77204986182
12.7 -1.81238163566 -1.79456816524 -1.77691878223
12.72 -1.81751075741 -1.79956175497 -1.78177137182
12.74 -1.82264917467 -1.80453934184 -1.78659728274
12.76 -1.82777619613 -1.80953680989 -1.79143823957
12.78 -1.8328901726 -1.81453212636 -1.79629070503
12.8 -1.83802673851 -1.8195066916 -1.80115074841
12.82 -1.84313813506 -1.82449428409 -1.80600766212
12.84 -1.84826740605 -1.82949536727 -1.81086647464
12.86 -1.85338321878 -1.83450296362 -1.81572363477
12.88 -1.85853575136 -1.83951207225 -1.82058172284
12.9 -1.86367626665 -1.84452750065 -1.82542767486
12.92 -1.86882610811 -1.84954681056 -1.83030885988
12.94 -1.87397471447 -1.85455776701 -1.83517683735
12.96 -1.87914893113 -1.85958161451 -1.84003315196
12.98 -1.88432946305 -1.86460790927 -1.84488251528
13.0 -1.88948524236 -1.86964244011 -1.84974481698
13.02 -1.89468185859 -1.87466567742 -1.85460060542
13.04 -1.89985184128 -1.87970673966 -1.85950447512
13.06 -1.90502429369 -1.88474997035 -1.86438223556
13.08 -1.91022655175 -1.88979284174 -1.86922610457
13.1 -1.91542186249 -1.89484532749 -1.87409166087
13.12 -1.92062099027 -1.89989389275 -1.87896489367
13.14 -1.92582998923 -1.90492510347 -1.88385032233
13.16 -1.93103727776 -1.90997216157 -1.88875565051
13.18 -1.93623892685 -1.91501681505 -1.89363781265
13.2 -1.94146771147 -1.92007182644 -1.89851092713
13.22 -1.94670410121 -1.92511242353 -1.90342850555
13.24 -1.95194463775 -1.93015084439 -1.90831607294
13.26 -1.9571635207 -1.93521372592 -1.91323188319
13.28 -1.96240583868 -1.9402881522 -1.91811360646
13.3 -1.96763826282 -1.94534971783 -1.92300654535
13.32 -1.97288270262 -1.95040221311 -1.9279080032
13.34 -1.97814634256 -1.9554708698 -1.93278606857
13.36 -1.98339546433 -1.96055210268 -1.93765371166
13.38 -1.98867318788 -1.96564697698 -1.94256444103
13.4 -1.99393156766 -1.97075055875 -1.94746533937
13.42 -1.99920314499 -1.97584471338 -1.9523765521
13.44 -2.00448723249 -1.98093933843 -1.957261331
13.46 -2.00977205985 -1.98603083884 -1.96216564097
13.48 -2.0150627926 -1.99112571488 -1.96709689127
13.5 -2.02036297361 -1.99621953529 -1.97199631842
13.52 -2.02565728629 -2.00132755591 -1.97692036662
13.54 -2.03095248953 -2.00644724089 -1.98182520101
13.56 -2.03627253694 -2.01156952709 -1.98673565229
13.58 -2.04158477864 -2.0166964366 -1.99166761552
13.6 -2.04688515106 -2.02180332748 -1.99659732185
13.62 -2.05220770297 -2.02691624636 -2.00150549641
13.64 -2.0575251127 -2.03203463126 -2.00642114444
13.66 -2.06287151287 -2.03716798499 -2.0113190889
13.68 -2.06821062871 -2.04228845453 -2.01626684134
13.7 -2.07353489614 -2.04740386129 -2.02120201109
13.72 -2.07888875727 -2.05253660723 -2.0261319133
13.74 -2.08423016163 -2.05767979782 -2.03108878462
13.76 -2.08957132717 -2.06282316256 -2.03602737246
13.78 -2.09495366879 -2.06797621547 -2.04095972314
13.8 -2.10031505772 -2.0731370987 -2.04591841332
13.82 -2.10567020932 -2.07829441118 -2.05085886068
13.84 -2.111011288 -2.08346716988 -2.05580958604
13.86 -2.11635428457 -2.08864529007 -2.0607575158
13.88 -2.12173998779 -2.09381228267 -2.06571270784
13.9 -2.12712877023 -2.0990043544 -2.07068052293
13.92 -2.13253800183 -2.1041653236 -2.07565073623
13.94 -2.13790883367 -2.10933306831 -2.08060807066
13.96 -2.14328496215 -2.11452954148 -2.08555565787
13.98 -2.14867458845 -2.11970064616 -2.09051701581
14.0 -2.15405802478 -2.12488224416 -2.09548677662
14.02 -2.15947336575 -2.13005569764 -2.10044208327
14.04 -2.16484012722 -2.13524370846 -2.10539004143
14.06 -2.17024107741 -2.14045094931 -2.11036750505
14.08 -2.17563406621 -2.14566177805 -2.11533211715
14.1 -2.18107491639 -2.1508558048 -2.12028959453
14.12 -2.18649641812 -2.15606367261 -2.12528586086
14.14 -2.19194145974 -2.16128325558 -2.13026022181
14.16 -2.19739710885 -2.16648411978 -2.1352599716
14.18 -2.20282497821 -2.17171193345 -2.14027715386
14.2 -2.20826320862 -2.17693567872 -2.14528005572
14.22 -2.21369620882 -2.18213319399 -2.1502901889
14.24 -2.21914577559 -2.18737706881 -2.15528657154
14.26 -2.22461430846 -2.19260475501 -2.16026323356
14.28 -2.23006699378 -2.197851585 -2.16524267303
14.3 -2.23551561691 -2.20308649287 -2.17024079749
14.32 -2.24098308138 -2.2083170439 -2.175267333
14.34 -2.24640687333 -2.21355507366 -2.18027582673
14.36 -2.25188185696 -2.21882103044 -2.1853207651
14.38 -2.25736310162 -2.22407654407 -2.19036616158
14.4 -2.2628233926 -2.22934209231 -2.19540983251
14.42 -2.26831466964 -2.23458840135 -2.20041626909
14.44 -2.27381341074 -2.23984739847 -2.20544166406
14.46 -2.27931828836 -2.24508600513 -2.21048165584
14.48 -2.28482991294 -2.25033420159 -2.21551088871
14.5 -2.29031837096 -2.2555843312 -2.22056013413
14.52 -2.29580816648 -2.2608687417 -2.22561257449
14.54 -2.30131162197 -2.26614887773 -2.23065605009
14.56 -2.3068123158 -2.27141748108 -2.23568000194
14.58 -2.31234499143 -2.27670072453 -2.24074636252
14.6 -2.31782608248 -2.28198604907 -2.24579609703
14.62 -2.32337298961 -2.28727930624 -2.25084377965
14.64 -2.32890509983 -2.292574808 -2.25591262111
14.66 -2.33444018415 -2.2978895437 -2.26098113732
14.68 -2.33998097231 -2.30319575696 -2.26606115935
14.7 -2.34554056683 -2.30849148482 -2.27112480069
14.72 -2.35105445778 -2.31380732988 -2.27617140149
14.74 -2.35662672939 -2.31912868172 -2.28122744423
14.76 -2.36215890814 -2.32442256961 -2.28629546738
14.78 -2.36773150358 -2.32972803525 -2.29136268298
14.8 -2.37329889715 -2.33505677193 -2.29644607042
14.82 -2.37887726698 -2.3404121126 -2.30153560116
14.84 -2.38445582831 -2.34573552129 -2.30663368948
14.86 -2.39004386336 -2.3510733687 -2.31171834563
14.88 -2.39561066424 -2.35640475128 -2.31680630897
14.9 -2.40118879542 -2.36174350403 -2.32187415868
14.92 -2.40675444247 -2.36708659364 -2.32701979837
14.94 -2.41233264835 -2.37242563968 -2.33214496457
14.96 -2.41792552983 -2.37777251698 -2.33722956394
14.98 -2.42351355695 -2.3831130745 -2.34232537018
15.0 -2.42913174059 -2.38847961069 -2.34746081874
15.02 -2.43472828951 -2.39386008486 -2.35258611727
15.04 -2.44033426968 -2.39922579553 -2.35767759073
15.06 -2.44594951875 -2.40461173321 -2.36282195935
15.08 -2.45158932157 -2.40998637231 -2.36793492254
15.1 -2.45718823852 -2.41534598612 -2.37308089542
15.12 -2.46280267386 -2.4207381926 -2.37821240013
15.14 -2.46844358745 -2.42610981244 -2.38334431867
15.16 -2.47408008454 -2.43150482574 -2.38844284842
15.18 -2.47971846633 -2.43689543157 -2.39359013369
15.2 -2.48537468987 -2.4422932508 -2.39874918417
15.22 -2.49100718661 -2.44770836378 -2.40388245173
15.24 -2.49664744019 -2.45310810303 -2.40901804669
15.26 -2.50228332229 -2.45849960656 -2.41418144551
15.28 -2.50791011957 -2.46389539251 -2.41935542965
15.3 -2.51353738844 -2.46931321966 -2.42455178627
15.32 -2.51921430098 -2.47473912954 -2.42970472736
15.34 -2.52486033929 -2.48016967384 -2.43486916873
15.36 -2.53053994888 -2.48562016115 -2.44004748473
15.38 -2.53621394182 -2.49104172158 -2.44522753011
15.4 -2.54190082197 -2.49646334594 -2.45040817962
15.42 -2.54760067738 -2.50190248808 -2.45559915909
15.44 -2.55328335646 -2.50734986715 -2.46081400356
15.46 -2.55896298144 -2.51278887062 -2.46600117322
15.48 -2.56468057831 -2.51822901844 -2.47121569702
15.5 -2.57039787263 -2.52367154827 -2.47640573714
15.52 -2.5761000664 -2.52913253634 -2.48161688767
15.54 -2.58178836178 -2.53459402937 -2.48681761624
15.56 -2.58752318399 -2.54005821815 -2.49200417664
15.58 -2.59324256226 -2.54552646918 -2.49723392532
15.6 -2.59891279341 -2.55098419732 -2.50248434561
15.62 -2.60466452639 -2.55645946788 -2.50769830619
15.64 -2.61040052662 -2.56193376014 -2.51293474281
15.66 -2.61614001756 -2.56743730495 -2.51817920093
15.68 -2.6218836741 -2.57290835796 -2.52340182848
15.7 -2.62759253812 -2.5783592507 -2.52864107717
15.72 -2.63335294222 -2.58385931987 -2.53387891885
15.74 -2.63908757464 -2.58936720927 -2.53911615553
15.76 -2.64484365748 -2.59486920094 -2.54435674369
15.78 -2.65064177054 -2.60037891238 -2.54962538364
15.8 -2.65639481579 -2.60588504077 -2.55484082782
15.82 -2.66214191768 -2.61140267018 -2.56009723957
15.84 -2.66789859348 -2.61690256796 -2.56534238216
15.86 -2.6736436955 -2.62241603928 -2.57058801871
15.88 -2.67942195045 -2.6279146865 -2.57585022332
15.9 -2.68521183491 -2.6334392895 -2.58111247321
15.92 -2.69096801196 -2.6389626944 -2.58639786184
15.94 -2.69673839975 -2.64449370354 -2.59167420193
15.96 -2.70251420655 -2.6500293513 -2.59693459644
15.98 -2.70833099104 -2.65554790618 -2.60222846227
16.0 -2.71414735968 -2.66106519865 -2.60753151335
16.02 -2.71994933652 -2.66661103985 -2.61283903996
16.04 -2.72577594829 -2.67216095968 -2.618173702
16.06 -2.73157933282 -2.67772168489 -2.62347051666
16.08 -2.73741295707 -2.68328117601 -2.62880684253
16.1 -2.74324340918 -2.68883273549 -2.63413172476
16.12 -2.74905372888 -2.694404393 -2.63947447106
16.14 -2.75487908291 -2.69999314733 -2.64480548454
16.16 -2.76070813998 -2.70556290604 -2.65011785142
16.18 -2.76657319737 -2.71113661651 -2.65542245414
16.2 -2.77242194712 -2.71671305205 -2.66076325639
16.22 -2.7782336942 -2.72231441974 -2.66608284754
16.24 -2.78410681428 -2.72790661166 -2.67142358742
16.26 -2.78996233894 -2.73353607334 -2.67676833291
16.28 -2.79582688837 -2.73915125102 -2.68210969466
17.28 -3.0800000000 -3.01440000000  -2.94400000000
