# 1) phi1 (deg)
# 2) distance modulus
# 3) error in distance modulus
# 4) distance (kpc)
# 5) error in distance (kph)
# 6) pmphi1* (mas/yr)
# 7) error in pmphi1 (mas/yr)
# 8) pmphi2 (mas/yr)
# 9) error in pmphi2 (mas/yr)
# 10) sigma pmphi1 (mas/yr)
# 11) error in sigma pmphi1 (mas/yr)
# 12) sigma pmphi2 (mas/yr)
# 13) error in sigma pmphi2 (mas/yr)
-85 14.73 0.02 8.84 0.07 -9.66 0.28 -3.29 0.26 0.89 0.31 0.62 0.21
-75 14.66 0.03 8.57 0.12 -10.9 0.15 -3.65 0.15 0.4 0.11 0.63 0.16
-65 14.27 0.05 7.14 0.16 -11.89 0.34 -4.05 0.33 1.22 0.37 0.93 0.28
-55 14.41 0.02 7.63 0.07 -13.25 0.06 -3.49 0.09 0.51 0.05 0.82 0.08
-45 14.39 0.02 7.55 0.05 -13.35 0.04 -3.38 0.09 0.34 0.03 0.82 0.07
-35 14.33 0.02 7.34 0.06 -13.05 0.06 -3.15 0.08 0.33 0.04 0.64 0.08
-25 14.49 0.02 7.9 0.06 -12.35 0.06 -2.8 0.07 0.44 0.05 0.59 0.07
-15 14.68 0.03 8.63 0.11 -10.63 0.12 -2.58 0.07 0.87 0.11 0.49 0.06
-5 14.8 0.03 9.1 0.11 -9.38 0.19 -2.16 0.11 1.06 0.17 0.56 0.1
5 15.22 0.02 11.07 0.08 -7.66 0.25 -1.82 0.21 1.37 0.23 0.98 0.18
15 15.41 0.01 12.06 0.08 -6.33 0.4 -1.77 0.4 1.44 0.33 1.58 0.36
25 15.98 0.01 15.73 0.05 -4.64 0.35 -1.66 0.36 1.31 0.29 1.46 0.31
