# 1) phi1 (deg)
# 2) phi2 (deg)
# 3) dist (kpc)
# 4) vr (km/s)
# 5) pmphi1* (mas/yr)
# 6) pmphi2 (mas/yr)
-25 -10.694052537266959 16.117897879188437 -46.94632882354101 -4.560975319208265 -1.7025214253968701
-24 -9.765917104985132 16.32462343519195 -50.395343644768985 -4.5089547550980615 -1.6360563324805464
-23 -9.191379464267264 16.72679291159922 -50.8719438606913 -4.3922689108317705 -1.5661206256825766
-22 -8.393676163240416 17.024956717326873 -52.930247822680656 -4.315459667539255 -1.4958139482013015
-21 -8.294611732548038 17.22364553574464 -54.95880478651159 -4.27005521098534 -1.4804582258650227
-20 -7.358042287409275 17.69210315307798 -54.91470030334865 -4.144829376467948 -1.3834149164963283
-19 -6.801542512684916 17.96351412213062 -56.79677616900486 -4.082460555374353 -1.331319601719722
-18 -6.136751839786485 18.286456455816825 -58.11124282657994 -4.0074513971684915 -1.2674019230183198
-17 -5.6902921670576765 18.614763770738488 -58.79112171876128 -3.931931702446372 -1.2183438648972826
-16 -5.212663416903432 18.921773202744276 -59.94671906467879 -3.8647623796010886 -1.1688961703867098
-15 -4.742967536503038 19.26613373916789 -60.50181461725878 -3.7898571796755762 -1.119772522664859
-14 -4.179357324731446 19.61322661480587 -60.8683113682355 -3.7179825381778238 -1.0592021352372307
-13 -3.773486951992873 19.895226832531726 -61.91330624213305 -3.6622954665990664 -1.0171067068024953
-12 -3.2728341274678 20.22111544803775 -62.28148226780321 -3.5984838496489475 -0.9601039592521896
-11 -2.8778410459307597 20.546087161379894 -62.36438561394566 -3.5365748169251066 -0.9149612698639138
-10 -2.4749299102211446 20.83138745707975 -63.01234523106676 -3.4838710481065935 -0.8671065699791736
-9 -2.127759773182969 21.173527863630625 -62.309127729080686 -3.4218258676975797 -0.8206976881965148
-8 -1.7856383652861811 21.44698258765156 -62.52849742162824 -3.373856072999885 -0.7743591379452682
-7 -1.4933016689188099 21.719021114976904 -62.76121758499502 -3.326692474508195 -0.7357685557149631
-6 -1.19154967505321 22.025604165152117 -61.85488776821346 -3.2760110779028957 -0.6873945894501119
-5 -0.970717405692578 22.309635558511328 -60.68902101112421 -3.229497925405562 -0.6460439361550342
-4 -0.774029296111113 22.536169907949116 -60.46562152408928 -3.1924645849340725 -0.6083648526607182
-3 -0.6067910462382875 22.771858979209842 -59.800150445421004 -3.1550553480575583 -0.5731817045312476
-2 -0.47271284966337707 23.01517532215171 -58.81045676115003 -3.116479443395979 -0.5376973877976683
-1 -0.3661980117796928 23.223110759713894 -57.680699828496685 -3.0858275106716215 -0.5015002599658945
0 -0.11075861412679572 23.639485126368054 -56.78022169595803 -3.028115080104982 -0.4624757558546653
1 0.07615436192682559 24.003571131825556 -55.73233027567028 -2.977868977190028 -0.4262829117864836
2 0.06932521333669725 24.154066804520586 -54.18601714327047 -2.9569212104689155 -0.3953151836065958
3 0.04285721626327306 24.28836967456038 -53.31230467156878 -2.9363138631239716 -0.36825526416757426
4 -0.045304388034874576 24.371610782434157 -52.31479809336714 -2.924151255058622 -0.3396340856775762
5 -0.14462985524994904 24.456420610879867 -51.08066252693646 -2.9106890356872537 -0.3130933405323644
6 -0.2872095349600548 24.509520185339504 -50.09843793715745 -2.9015086559261674 -0.28908440270439295
7 -0.4342325610293916 24.56008323554287 -48.883597944363245 -2.892563076532041 -0.26394434258437344
8 -0.65494823250783 24.56869769904622 -47.997643110075664 -2.889272966778813 -0.23882913601576103
9 -0.8731900469081965 24.56674578381638 -46.808962106378715 -2.887115393253336 -0.21545461987376446
10 -1.0927239117558047 24.550894977944914 -46.29025300566411 -2.8856423091146235 -0.1948693215666665
11 -1.4605078359736525 24.49754357628198 -45.05455553713229 -2.890209044346429 -0.16814314289691298
12 -1.606653374167712 24.474610098527457 -44.68290490917424 -2.888821412395842 -0.1540413801129464
13 -1.8382931908188758 24.437296869826337 -44.83502400275427 -2.8880759488746297 -0.13803149241424223
14 -2.108216689228318 24.385423488697956 -44.66478278316627 -2.8894844991883377 -0.12014072731753098
15 -2.456468113162218 24.243682513331297 -42.61320646643549 -2.906955083351773 -0.09894440907715338
16 -2.6686535373186717 24.154203990382996 -42.737457200614045 -2.9130760765425006 -0.0873120616599793
17 -3.0960032768912393 24.03526497098478 -41.955099534868275 -2.924448053054553 -0.06601822489056537
18 -3.438720326483156 23.910948073378567 -41.8418729960233 -2.9347149474575285 -0.050048655769129445
19 -3.724641212636999 23.789819653102203 -42.318396373076816 -2.9449215750234266 -0.039097525091742566
20 -4.097528937587471 23.584103318980723 -40.66863866199237 -2.9689389631373264 -0.0204057085856809
21 -4.687965220847148 23.45761486852922 -40.67065378928055 -2.9805389192415297 0.0002610269981440226
22 -5.0091626594676555 23.221060106987174 -39.919580920702735 -3.008851087701796 0.011860491427329298
23 -5.447065348193819 23.155830412493383 -40.95302929519677 -3.005843046090589 0.025836775046311915
24 -5.885723952520001 22.90993454378635 -40.12702281445903 -3.0369190420806222 0.04207285431981343
