# 1) phi1 (deg)
# 2) phi2 (deg)
# 3) error in phi2 (deg)
# 4) sigma phi2 (deg)
# 5) error in sigma phi2 (deg)
# 6) Intensity (stars/deg^2)
# 7) error in Intensity (stars/deg^2)
# 8) Linear density (stars/deg)
# 9) error in Linear density (stars/deg)
# 10) Mass sampling
-88 -3.74 0.16 0.08 0.02 7.28 1.51 0.77 0.2 0.83
-86 -3.47 0.19 0.11 0.03 5.73 1.14 0.78 0.25 0.86
-84 -3.43 0.68 0.26 0.12 2.76 0.86 0.88 0.41 0.88
-82 -2.46 0.71 0.33 0.17 2.22 0.66 0.93 0.43 0.89
-80 -1.8 0.23 0.09 0.02 8.09 1.73 0.9 0.25 0.91
-78 -1.73 0.1 0.13 0.03 6.92 1.3 1.12 0.29 0.92
-76 -1.72 0.08 0.13 0.04 5.8 1.25 0.94 0.28 0.94
-74 -1.62 0.08 0.2 0.09 3.74 0.87 0.94 0.37 0.95
-72 -1.51 0.07 0.06 0.05 3.68 1.91 0.28 0.22 0.96
-70 -1.45 0.06 0.07 0.03 5.58 1.9 0.48 0.23 0.96
-68 -1.38 0.07 0.1 0.04 4.91 1.46 0.65 0.27 0.98
-66 -1.22 0.14 0.26 0.08 4.75 0.74 1.56 0.41 0.98
-64 -0.69 0.07 0.22 0.07 4.77 0.91 1.29 0.39 0.99
-62 -0.65 0.05 0.2 0.05 5.79 1.07 1.48 0.4 0.99
-60 -0.61 0.05 0.23 0.05 7.92 1.1 2.31 0.51 1.0
-58 -0.47 0.05 0.25 0.04 11.46 1.22 3.54 0.61 1.0
-56 -0.34 0.05 0.29 0.04 14.83 1.16 5.33 0.7 1.0
-54 -0.19 0.03 0.29 0.03 18.55 1.17 6.64 0.69 1.01
-52 -0.12 0.02 0.24 0.02 23.71 1.51 7.22 0.64 1.01
-50 -0.07 0.02 0.24 0.01 27.83 1.66 8.28 0.69 1.01
-48 -0.02 0.02 0.24 0.02 29.3 1.7 8.77 0.73 1.0
-46 0.04 0.03 0.24 0.02 27.23 1.64 8.15 0.71 1.01
-44 0.1 0.03 0.24 0.02 22.33 1.5 6.73 0.66 1.01
-42 0.2 0.03 0.25 0.03 16.99 1.32 5.38 0.65 1.01
-40 0.22 0.04 0.24 0.03 13.78 1.29 4.2 0.61 1.01
-38 0.2 0.04 0.18 0.03 13.59 1.54 3.12 0.5 1.0
-36 0.14 0.03 0.14 0.02 16.41 1.93 2.87 0.46 1.0
-34 0.13 0.02 0.12 0.01 20.58 2.39 3.02 0.47 0.99
-32 0.12 0.02 0.11 0.01 25.88 2.74 3.53 0.49 0.98
-30 0.13 0.02 0.11 0.01 30.54 2.85 4.3 0.52 0.98
-28 0.13 0.02 0.11 0.01 35.13 2.99 4.87 0.53 0.97
-26 0.14 0.02 0.11 0.01 36.05 3.03 4.9 0.52 0.96
-24 0.13 0.02 0.11 0.01 29.82 2.78 4.2 0.5 0.95
-22 0.1 0.03 0.12 0.01 20.71 2.31 3.17 0.47 0.94
-20 0.03 0.03 0.13 0.02 15.94 2.01 2.54 0.44 0.93
-18 -0.02 0.03 0.12 0.01 18.45 2.24 2.79 0.46 0.92
-16 -0.03 0.02 0.11 0.01 28.42 2.91 3.8 0.52 0.9
-14 -0.05 0.02 0.1 0.01 38.3 3.42 4.92 0.58 0.89
-12 -0.09 0.02 0.11 0.01 40.02 3.36 5.59 0.62 0.87
-10 -0.16 0.02 0.13 0.01 35.8 2.97 5.63 0.63 0.85
-8 -0.27 0.03 0.13 0.01 29.76 2.6 5.01 0.59 0.83
-6 -0.42 0.05 0.14 0.01 23.57 2.38 4.06 0.56 0.81
-4 -0.7 0.06 0.14 0.02 20.18 2.35 3.42 0.56 0.79
-2 -0.93 0.05 0.14 0.02 21.5 2.47 3.68 0.6 0.77
0 -1.09 0.04 0.15 0.02 24.4 2.54 4.45 0.67 0.75
2 -1.24 0.04 0.15 0.02 24.59 2.59 4.53 0.69 0.73
4 -1.37 0.05 0.14 0.02 21.34 2.65 3.71 0.67 0.71
6 -1.55 0.05 0.13 0.03 16.64 2.7 2.64 0.63 0.69
8 -1.64 0.04 0.11 0.04 12.57 2.78 1.79 0.6 0.67
10 -1.66 0.05 0.13 0.06 13.27 3.4 2.19 0.97 0.63
12 -1.73 0.05 0.1 0.05 9.48 3.22 1.16 0.62 0.6
14 -1.76 0.07 0.07 0.04 12.08 4.12 1.07 0.56 0.59
16 -2.35 0.18 0.06 0.03 12.4 4.48 0.94 0.51 0.55
18 -2.59 0.07 0.06 0.04 10.51 4.25 0.82 0.51 0.53
20 -2.62 0.06 0.04 0.62 8.06 5.22 0.35 0.47 0.51
22 -4.58 0.07 0.14 0.31 5.03 7.45 0.89 0.71 0.48
24 -4.55 0.09 0.03 0.04 8.74 6.67 0.33 0.4 0.46
26 -4.73 0.27 0.06 0.06 11.7 6.85 0.89 0.82 0.43
28 -5.14 0.2 0.05 0.04 13.67 6.84 0.79 0.65 0.41
30 -5.31 0.21 0.03 0.03 11.38 7.83 0.41 0.42 0.39
