24.18291 22.93643 0.751360505686 0.340568071447 -1.34893379204 0.247886240358 0.239366 17.9252
24.21572 22.95978 0.697176969719 0.618911404658 -0.0902651560156 0.418902260983 0.25638 18.8529
23.80551 23.4783 0.847269213547 0.506527882036 0.457574842038 0.371497572128 0.160945 18.6984
23.92007 23.3903 1.11855511883 0.636642334471 0.586720590231 0.326759881083 0.117382 18.4933
23.24328 23.19339 0.60596276452 0.392582044752 -0.150892672498 0.483793761299 0.518069 18.1981
23.57924 24.3911 1.73273462172 0.696929553113 0.189880869541 0.453230804174 0.198358 18.9305
23.41445 24.34511 2.35948949924 0.675047898602 0.235258224084 0.525779242537 0.346841 18.9438
23.78164 23.88001 0.760312505097 0.421386415993 -0.106636254118 0.323130872702 0.237546 18.5416
24.15154 23.36385 1.31881848674 0.250612805932 0.380930392006 0.226343628135 0.334841 17.5847
23.91934 24.11852 1.26821196258 0.424747305643 -0.272932138294 0.312640087013 0.235313 18.4738
23.82848 22.80306 1.19885182587 0.197328050108 0.0427676232244 0.173537173081 0.381058 17.0431
